# blog_palette <- c('#AF240B', '#0B556D', '#AF540B', '#088031', '#E33048',
#              '#31778E', '#E39848', '#35065B', '#E3304850', '#31778E50',
#              '#E3984850', '#35A65B50')
# "#faeea2" yellow
# "#961d12" deep red
# "#B61914" bright red
# "#222222" blackish

iprt_palette <- c("#faeea2", "#961d12", "#B61914", "#222222") #(yellow, dark red, bright red, black-ish)

